IdDetalle;IdOrden;IdObra;Cantidad;Multa
1;10248;11;12; 100 
2;10248;42;10;52
3;10248;70;5;75
4;10249;14;9;23
5;10249;51;40;91
6;10250;41;10;51
7;10250;51;35;86
8;10250;65;15;80
9;10251;22;6;28
10;10251;57;15;72
11;10251;65;20;85
12;10252;20;40;60
13;10252;33;25;58
14;10252;60;40;100
15;10253;31;20;51
16;10253;39;42;81
17;10253;49;40;89
18;10254;24;15;39
19;10254;55;21;76
20;10254;70;21;91
21;10255;2;20;22
22;10255;16;35;51
23;10255;36;25;61
24;10255;59;30;89
25;10256;53;15;68
26;10256;7;12;19
27;10257;27;25;52
28;10257;39;6;45
29;10257;17;15;32
30;10258;2;50;52
31;10258;5;65;70
32;10258;32;6;38
33;10259;21;10;31
34;10259;37;1;38
35;10260;41;16;57
36;10260;57;50;107
37;10260;62;15;77
38;10260;70;21;91
39;10261;21;20;41
40;10261;35;20;55
41;10262;5;12;17
42;10262;7;15;22
43;10262;56;2;58
44;10263;16;60;76
45;10263;24;28;52
46;10263;30;60;90
47;10263;4;36;40
48;10264;2;35;37
49;10264;41;25;66
50;10265;17;30;47
51;10265;70;20;90
52;10266;12;12;24
53;10267;40;50;90
54;10267;59;70;129
55;10267;6;15;21
56;10268;29;10;39
57;10268;2;4;6
58;10269;33;60;93
59;10269;72;20;92
60;10270;36;30;66
61;10270;43;25;68
62;10271;33;24;57
63;10272;20;6;26
64;10272;31;40;71
65;10272;45;24;69
66;10273;10;24;34
67;10273;31;15;46
68;10273;33;20;53
69;10273;40;60;100
70;10273;18;33;51
71;10274;1;20;21
72;10274;56;7;63
73;10275;24;12;36
74;10275;59;6;65
75;10276;10;15;25
76;10276;13;10;23
77;10277;28;20;48
78;10277;62;12;74
79;10278;44;16;60
80;10278;59;15;74
81;10278;63;8;71
82;10278;13;25;38
83;10279;17;15;32
84;10280;24;12;36
85;10280;55;20;75
86;10280;15;30;45
87;10281;19;1;20
88;10281;24;6;30
89;10281;35;4;39
90;10282;30;6;36
91;10282;57;2;59
92;10283;15;20;35
93;10283;19;18;37
94;10283;60;35;95
95;10283;45;3;48
96;10284;27;15;42
97;10284;44;21;65
98;10284;60;20;80
99;10284;67;5;72
100;10285;1;45;46
101;10285;40;40;80
102;10285;53;36;89
103;10286;35;100;135
104;10286;62;40;102
105;10287;16;40;56
106;10287;34;20;54
107;10287;46;15;61
108;10288;54;10;64
109;10288;68;3;71
110;10289;3;30;33
111;10289;64;9;73
112;10290;5;20;25
113;10290;29;15;44
114;10290;49;15;64
115;10290;27;10;37
116;10291;13;20;33
117;10291;44;24;68
118;10291;51;2;53
119;10292;20;20;40
120;10293;18;12;30
121;10293;24;10;34
122;10293;63;5;68
123;10293;25;6;31
124;10294;1;18;19
125;10294;17;15;32
126;10294;43;15;58
127;10294;60;21;81
128;10294;19;6;25
129;10295;56;4;60
130;10296;11;12;23
131;10296;16;30;46
132;10296;69;15;84
133;10297;39;60;99
134;10297;22;20;42
135;10298;2;40;42
136;10298;36;40;76
137;10298;59;30;89
138;10298;62;15;77
139;10299;19;15;34
140;10299;70;20;90
141;10300;66;30;96
142;10300;68;20;88
143;10301;40;10;50
144;10301;56;20;76
145;10302;17;40;57
146;10302;28;28;56
147;10302;43;12;55
148;10303;40;40;80
149;10303;65;30;95
150;10303;68;15;83
151;10304;49;30;79
152;10304;59;10;69
153;10304;11;2;13
154;10305;18;25;43
155;10305;29;25;54
156;10305;39;30;69
157;10306;30;10;40
158;10306;53;10;63
159;10306;54;5;59
160;10307;62;10;72
161;10307;68;3;71
162;10308;69;1;70
163;10308;70;5;75
164;10309;4;20;24
165;10309;6;30;36
166;10309;42;2;44
167;10309;43;20;63
168;10309;1;3;4
169;10310;16;10;26
170;10310;62;5;67
171;10311;42;6;48
172;10311;69;7;76
173;10312;28;4;32
174;10312;43;24;67
175;10312;53;20;73
176;10312;5;10;15
177;10313;36;12;48
178;10314;32;40;72
179;10314;58;30;88
180;10314;62;25;87
181;10315;34;14;48
182;10315;70;30;100
183;10316;41;10;51
184;10316;62;70;132
185;10317;1;20;21
186;10318;41;20;61
187;10318;36;6;42
188;10319;17;8;25
189;10319;28;14;42
190;10319;26;30;56
191;10320;17;30;47
192;10321;35;10;45
193;10322;52;20;72
194;10323;15;5;20
195;10323;25;4;29
196;10323;39;4;43
197;10324;16;21;37
198;10324;35;70;105
199;10324;46;30;76
200;10324;59;40;99
201;10324;63;80;143
202;10325;6;6;12
203;10325;13;12;25
204;10325;14;9;23
205;10325;31;4;35
206;10325;32;40;72
207;10326;4;24;28
208;10326;57;16;73
209;10326;35;50;85
210;10327;2;25;27
211;10327;11;50;61
212;10327;30;35;65
213;10327;58;30;88
214;10328;59;9;68
215;10328;65;40;105
216;10328;68;10;78
217;10329;19;10;29
218;10329;30;8;38
219;10329;38;20;58
220;10329;56;12;68
221;10330;26;50;76
222;10330;62;25;87
223;10331;54;15;69
224;10332;18;40;58
225;10332;42;10;52
226;10332;47;16;63
227;10333;14;10;24
228;10333;21;10;31
229;10333;11;40;51
230;10334;52;8;60
231;10334;68;10;78
232;10335;2;7;9
233;10335;31;25;56
234;10335;32;6;38
235;10335;51;48;99
236;10336;4;18;22
237;10337;23;40;63
238;10337;26;24;50
239;10337;36;20;56
240;10337;37;28;65
241;10337;12;25;37
242;10338;17;20;37
243;10338;30;15;45
244;10339;4;10;14
245;10339;17;70;87
246;10339;62;28;90
247;10340;18;20;38
248;10340;41;12;53
249;10340;43;40;83
250;10341;33;8;41
251;10341;59;9;68
252;10342;2;24;26
253;10342;31;56;87
254;10342;36;40;76
255;10342;55;40;95
256;10343;64;50;114
257;10343;68;4;72
258;10343;16;15;31
259;10344;4;35;39
260;10344;8;70;78
261;10345;8;70;78
262;10345;19;80;99
263;10345;42;9;51
264;10346;17;36;53
265;10346;56;20;76
266;10347;25;10;35
267;10347;39;50;89
268;10347;40;4;44
269;10347;15;6;21
270;10348;1;15;16
271;10348;23;25;48
272;10349;54;24;78
273;10350;50;15;65
274;10350;69;18;87
275;10351;38;20;58
276;10351;41;13;54
277;10351;44;77;121
278;10351;65;10;75
279;10352;24;10;34
280;10352;54;20;74
281;10353;11;12;23
282;10353;38;50;88
283;10354;1;12;13
284;10354;29;4;33
285;10355;24;25;49
286;10355;57;25;82
287;10356;31;30;61
288;10356;55;12;67
289;10356;69;20;89
290;10357;10;30;40
291;10357;26;16;42
292;10357;60;8;68
293;10358;24;10;34
294;10358;34;10;44
295;10358;36;20;56
296;10359;16;56;72
297;10359;31;70;101
298;10359;60;80;140
299;10360;28;30;58
300;10360;29;35;64
301;10360;38;10;48
302;10360;49;35;84
303;10360;54;28;82
304;10361;39;54;93
305;10361;60;55;115
306;10362;25;50;75
307;10362;51;20;71
308;10362;54;24;78
309;10363;31;20;51
310;10363;25;12;37
311;10363;26;12;38
312;10364;69;30;99
313;10364;31;5;36
314;10365;11;24;35
315;10366;65;5;70
316;10366;37;5;42
317;10367;34;36;70
318;10367;54;18;72
319;10367;65;15;80
320;10367;27;7;34
321;10368;21;5;26
322;10368;28;13;41
323;10368;57;25;82
324;10368;64;35;99
325;10369;29;20;49
326;10369;56;18;74
327;10370;1;15;16
328;10370;64;30;94
329;10370;34;20;54
330;10371;36;6;42
331;10372;20;12;32
332;10372;38;40;78
333;10372;60;70;130
334;10372;32;42;74
335;10373;58;80;138
336;10373;17;50;67
337;10374;31;30;61
338;10374;58;15;73
339;10375;14;15;29
340;10375;54;10;64
341;10376;31;42;73
342;10377;28;20;48
343;10377;39;20;59
344;10378;21;6;27
345;10379;41;8;49
346;10379;63;16;79
347;10379;65;20;85
348;10380;30;18;48
349;10380;53;20;73
350;10380;60;6;66
351;10380;70;30;100
352;10381;24;14;38
353;10382;5;32;37
354;10382;18;9;27
355;10382;29;14;43
356;10382;33;60;93
357;10382;44;50;94
358;10383;13;20;33
359;10383;50;15;65
360;10383;56;20;76
361;10384;20;28;48
362;10384;60;15;75
363;10385;7;10;17
364;10385;60;20;80
365;10385;68;8;76
366;10386;24;15;39
367;10386;34;10;44
368;10387;24;15;39
369;10387;28;6;34
370;10387;59;12;71
371;10387;1;15;16
372;10388;45;15;60
373;10388;52;20;72
374;10388;53;40;93
375;10389;10;16;26
376;10389;55;15;70
377;10389;62;20;82
378;10389;70;30;100
379;10390;31;60;91
380;10390;35;40;75
381;10390;46;45;91
382;10390;22;24;46
383;10391;13;18;31
384;10392;69;50;119
385;10393;2;25;27
386;10393;14;42;56
387;10393;25;7;32
388;10393;26;70;96
389;10393;31;32;63
390;10394;13;10;23
391;10394;62;10;72
392;10395;46;28;74
393;10395;53;70;123
394;10395;69;8;77
395;10396;23;40;63
396;10396;21;60;81
397;10396;62;21;83
398;10397;21;10;31
399;10397;51;18;69
400;10398;35;30;65
401;10398;55;120;175
402;10399;68;60;128
403;10399;41;30;71
404;10399;6;35;41
405;10399;57;14;71
406;10400;29;21;50
407;10400;35;35;70
408;10400;49;30;79
409;10401;30;18;48
410;10401;56;70;126
411;10401;65;20;85
412;10401;17;60;77
413;10402;23;60;83
414;10402;63;65;128
415;10403;16;21;37
416;10403;48;70;118
417;10404;26;30;56
418;10404;42;40;82
419;10404;49;30;79
420;10405;3;50;53
421;10406;1;10;11
422;10406;21;30;51
423;10406;28;42;70
424;10406;36;5;41
425;10406;40;2;42
426;10407;11;30;41
427;10407;69;15;84
428;10407;61;15;76
429;10408;37;10;47
430;10408;54;6;60
431;10408;62;35;97
432;10409;14;12;26
433;10409;21;12;33
434;10410;33;49;82
435;10410;59;16;75
436;10411;41;25;66
437;10411;44;40;84
438;10411;59;9;68
439;10412;14;20;34
440;10413;1;24;25
441;10413;62;40;102
442;10413;16;14;30
443;10414;19;18;37
444;10414;33;50;83
445;10415;17;2;19
446;10415;33;20;53
447;10416;19;20;39
448;10416;53;10;63
449;10416;57;20;77
450;10417;38;50;88
451;10417;46;2;48
452;10417;68;36;104
453;10417;57;35;92
454;10418;2;60;62
455;10418;47;55;102
456;10418;61;16;77
457;10418;14;15;29
458;10419;60;60;120
459;10419;69;20;89
460;10420;9;20;29
461;10420;13;2;15
462;10420;70;8;78
463;10420;13;20;33
464;10421;19;4;23
465;10421;26;30;56
466;10421;53;15;68
467;10421;17;10;27
468;10422;26;2;28
469;10423;31;14;45
470;10423;59;20;79
471;10424;35;60;95
472;10424;38;49;87
473;10424;68;30;98
474;10425;55;10;65
475;10425;26;20;46
476;10426;56;5;61
477;10426;64;7;71
478;10427;14;35;49
479;10428;46;20;66
480;10429;50;40;90
481;10429;63;35;98
482;10430;17;45;62
483;10430;21;50;71
484;10430;56;30;86
485;10430;59;70;129
486;10431;17;50;67
487;10431;40;50;90
488;10431;47;30;77
489;10432;26;10;36
490;10432;54;40;94
491;10433;56;28;84
492;10434;11;6;17
493;10434;36;18;54
494;10435;2;10;12
495;10435;22;12;34
496;10435;32;10;42
497;10436;46;5;51
498;10436;56;40;96
499;10436;64;30;94
500;10436;35;24;59
501;10437;53;15;68
502;10438;19;15;34
503;10438;34;20;54
504;10438;57;15;72
505;10439;12;15;27
506;10439;16;16;32
507;10439;64;6;70
508;10439;14;30;44
509;10440;2;45;47
510;10440;16;49;65
511;10440;29;24;53
512;10440;61;90;151
513;10441;27;50;77
514;10442;11;30;41
515;10442;54;80;134
516;10442;66;60;126
517;10443;11;6;17
518;10443;28;12;40
